Latitude Longitude
41.748522674 -87.664041683
41.74863913 -87.616470485
41.880748488 -87.723881711
41.807113842 -87.60893429
41.765386946 -87.63282665
41.987102565 -87.701858263
41.937227668 -87.644305471
41.981729156 -87.692893082
41.931149489 -87.77522735
41.998483144 -87.698449471
41.788609502 -87.647439345
41.923492464 -87.73531093
41.66237583 -87.641391741
41.757931061 -87.602919789
41.837963548 -87.617470765
41.880457093 -87.62435557
41.978917714 -87.692645422
41.970860678 -87.763418662
41.942105541 -87.687993148
41.880484533 -87.624355267
41.781590211 -87.597851954
41.857567911 -87.666136197
41.794976356 -87.667042466
41.733519984 -87.642328668
41.890711771 -87.714954162
41.730145605 -87.545284948
41.881776822 -87.620767948
41.799569889 -87.60633833
41.939943264 -87.651924995
41.879894914 -87.659518246
41.874969429 -87.745530485
41.773065672 -87.569966992
41.982946289 -87.766771896
41.90048217 -87.749193895
41.897761801 -87.713949511
41.78455731 -87.695258769
41.762337776 -87.688074906
41.931589197 -87.74244575
41.913655796 -87.794932925
41.787396627 -87.696062978
41.851656827 -87.71569752
41.766029151 -87.652925347
41.891729903 -87.722649794
41.756800759 -87.650266713
41.70046639 -87.646282247
41.771949874 -87.649442482
41.879090007 -87.620735373
41.791370974 -87.696173962
41.883219258 -87.626818503
41.695908161 -87.595822806
41.878630716 -87.636673298
41.927002017 -87.734197767
41.908232799 -87.633063573
41.878547659 -87.687245
41.828762287 -87.614436164
41.88171846 -87.627760426
41.867429555 -87.626037832
41.906111588 -87.773072333
41.685379492 -87.617736935
41.751007325 -87.581665974
41.709085198 -87.534079128
41.755617231 -87.644169735
41.913175926 -87.754398107
41.886202772 -87.620685715
41.91729165 -87.715825614
41.675811541 -87.601854093
41.75048339 -87.599101334
41.811285539 -87.690628468
41.960146988 -87.686219134
41.776622842 -87.70308407
41.756230175 -87.562678914
41.714529024 -87.657508689
41.904370109 -87.631460067
41.959404426 -87.653644257
41.889951856 -87.716529717
41.885607905 -87.772777766
41.656697711 -87.610611375
42.016458996 -87.688857453
41.817855025 -87.616825316
41.911340264 -87.800356677
41.899800353 -87.630463245
41.656822987 -87.597483806
41.789710402 -87.714191365
41.844360796 -87.716387934
41.728074176 -87.617054509
41.867428687 -87.626342565
41.701130406 -87.662991698
41.978192047 -87.65703396
41.924082811 -87.757933714
41.976636986 -87.836614745
41.708029389 -87.569290282
41.897670312 -87.680587633
41.866535025 -87.627391392
42.007919177 -87.665351128
41.94574295 -87.688228479
41.671915347 -87.640509957
41.990714038 -87.677408737
41.977686905 -87.691411021
41.794055357 -87.75378443
41.759181775 -87.629632125
41.800439665 -87.693986299
41.888165132 -87.622937212
41.932575738 -87.657615295
41.96430476 -87.662368986
41.710207814 -87.613843189
41.778582329 -87.687285151
41.858954299 -87.716809329
41.787895446 -87.785308659
41.7638514 -87.684445601
41.883449115 -87.674247151
41.910292604 -87.634683257
41.770357852 -87.621822764
41.772185963 -87.664371296
41.77757722 -87.617266502
41.730603305 -87.5986207
41.866202226 -87.723039647
41.869201889 -87.670589881
41.895594246 -87.755618412
41.778817579 -87.773976383
41.772431753 -87.647413764
41.911432761 -87.747789831
41.771226087 -87.611431428
41.895077107 -87.628157005
41.654348486 -87.604083952
41.865554907 -87.715402236
41.894898559 -87.759720016
41.671555065 -87.65510342
41.932306604 -87.676497041
41.93859561 -87.649576033
41.90911556 -87.713090321
41.827386305 -87.623969131
41.758560412 -87.562728003
41.891990384 -87.611461502
41.655814926 -87.59606083
41.880741876 -87.628266906
41.884812928 -87.714173749
41.781383529 -87.607207421
41.890720296 -87.706404029
41.787701402 -87.605555736
41.682468145 -87.659103605
41.923573202 -87.719410237
41.87926181 -87.743996626
41.908912162 -87.694510491
41.969323537 -87.79284644
41.790857624 -87.607771565
41.885481891 -87.627935689
41.808584003 -87.665881774
41.878840427 -87.639582928
41.898918515 -87.732285832
41.828852841 -87.614435151
41.700511369 -87.669340459
41.779232888 -87.685364796
41.861923555 -87.62944284
41.692576964 -87.623786349
41.882381731 -87.629412971
41.657910315 -87.601010101
41.749622027 -87.671905584
41.939897694 -87.654887948
41.969786342 -87.753286399
41.802132606 -87.613677631
41.829580097 -87.680142381
41.834042232 -87.674368991
41.838219696 -87.704850674
41.968338086 -87.719124016
41.967538619 -87.713340244
41.78937653 -87.580601862
41.777747019 -87.60282696
41.740204661 -87.55633747
41.800455673 -87.587407515
42.013109225 -87.663604147
41.763386374 -87.599419755
41.803040151 -87.625917535
41.679706321 -87.635034227
41.891620575 -87.63148948
41.766287795 -87.645664744
41.76647519 -87.620135503
41.774215875 -87.590109219
41.886918114 -87.667634082
41.670107447 -87.639248298
41.978586428 -87.694752413
41.894674719 -87.650114492
41.776018543 -87.615520426
41.93791173 -87.727149134
41.76540881 -87.631462832
41.956875902 -87.797554615
41.884526106 -87.680229348
41.870724666 -87.628597294
41.892753031 -87.624193896
41.765937069 -87.657783202
41.882761545 -87.709346189
41.953436358 -87.746273229
41.719140335 -87.626182793
41.90677498 -87.671832498
41.795081408 -87.663399816
41.880579428 -87.627732563
41.960587059 -87.75860548
41.911191384 -87.630867327
42.011956111 -87.663038536
41.923926927 -87.665757616
41.677160425 -87.619537457
41.793487571 -87.705280523
41.751613643 -87.575373855
41.730147219 -87.545120069
41.76622433 -87.57829932
41.749203802 -87.551164468
41.897211487 -87.625823165
41.924696573 -87.766016113
41.944421876 -87.657971749
41.935432921 -87.668504341
41.751717281 -87.567002336
41.871837936 -87.709070595
41.980194918 -87.714872513
41.768052347 -87.649337251
41.665814864 -87.558853882
41.725451579 -87.619856732
41.668028717 -87.63315841
41.919345195 -87.636388619
41.673548279 -87.616795523
41.766102387 -87.573539169
41.78612223 -87.711395177
41.947114224 -87.661292108
41.946648722 -87.702084879
41.869431126 -87.655791451
41.852305242 -87.667222302
41.938598108 -87.806767636
41.693503532 -87.620960508
41.744909385 -87.603789279
41.74796625 -87.730595735
41.764728804 -87.586292974
41.908769613 -87.719184726
41.877649878 -87.74272258
41.760847469 -87.649153536
41.785317996 -87.724170331
41.771685848 -87.702083952
41.852868298 -87.63091491
41.767354959 -87.595188356
41.892591259 -87.717448236
41.755364837 -87.565826474
41.755931648 -87.657367707
41.907310953 -87.690830761
41.845077635 -87.6233737
41.949399588 -87.777700254
42.001672452 -87.673727497
41.973097909 -87.685426117
41.878177032 -87.627986655
41.939615879 -87.69524062
41.894861261 -87.629206166
41.829302505 -87.68345481
41.988719229 -87.668384208
41.893844693 -87.770799522
41.8926701 -87.628106353
41.800915746 -87.597469628
41.879290642 -87.741598513
41.874119819 -87.624223667
41.841103444 -87.626852618
41.761828773 -87.627638584
41.866111947 -87.72932209
41.894945606 -87.754874977
41.878797001 -87.731626185
41.948080205 -87.65802136
41.906490653 -87.650451396
41.763020009 -87.595776857
41.936335635 -87.650710119
41.890081244 -87.62704405
41.765651252 -87.624909847
41.891990384 -87.611461502
41.746227464 -87.665762163
41.871833434 -87.726665048
41.688898089 -87.697123896
41.807499342 -87.590234482
41.895877613 -87.706566627
41.788071184 -87.769451738
41.75852909 -87.608517015
41.924362508 -87.650694454
41.752061294 -87.612525755
41.727841157 -87.555061405
41.722389451 -87.581629631
41.854484373 -87.723580522
41.752950248 -87.554061838
41.779202501 -87.687766548
41.790584807 -87.71655182
41.895987813 -87.722432928
41.897982937 -87.624095634
41.794509508 -87.633301738
41.763864585 -87.676623386
41.813355151 -87.688256413
41.854888289 -87.705340888
41.955789401 -87.750288365
41.893560332 -87.634120048
41.707380395 -87.530452662
41.748966139 -87.577153013
42.004254037 -87.660838271
41.766532839 -87.62013853
41.885393253 -87.663547848
41.877541694 -87.647230943
41.745388268 -87.569789256
41.804775828 -87.619472488
41.79798374 -87.723294914
41.944547789 -87.67205971
41.921085247 -87.747451729
41.939720753 -87.666846255
41.884640562 -87.629465296
41.764087956 -87.657875909
41.948131367 -87.649510899
41.779344904 -87.671794555
41.994123845 -87.687843134
41.84238663 -87.623553916
41.874233514 -87.630666333
41.975519413 -87.668345013
41.707095328 -87.628834415
41.72177181 -87.621241782
41.883500187 -87.627876698
41.891618033 -87.662281831
41.945643679 -87.807018436
41.807460693 -87.719863518
41.900875497 -87.722985087
41.880355702 -87.626159693
41.858568011 -87.710319284
41.768286908 -87.686519685
41.912599066 -87.685454169
41.799204348 -87.584044296
41.851790369 -87.703400147
41.975258324 -87.754380469
41.873187107 -87.743670577
41.977919618 -87.907209635
41.750111323 -87.644030737
41.706759383 -87.657897692
41.977730236 -87.846469859
41.800167577 -87.698863145
41.907576251 -87.765098679
41.904728506 -87.759734893
41.938132527 -87.797479984
41.656818764 -87.614159613
41.753037726 -87.549171899
41.967093962 -87.713322493
41.971145178 -87.70488421
41.716022627 -87.629733192
41.79006908 -87.654768679
41.880427066 -87.750783005
41.797832643 -87.61768285
41.937969055 -87.661983552
41.892509386 -87.626069718
41.890824988 -87.630183362
41.759381999 -87.645474583
41.750352778 -87.619749632
41.706864779 -87.648349198
41.874947338 -87.72547164
41.773018321 -87.664043708
41.895513492 -87.710761053
41.904144311 -87.675838021
41.746281825 -87.694142805
41.78275219 -87.777788387
41.750018724 -87.622970906
41.765025476 -87.576275351
41.880125613 -87.772362998
41.872587691 -87.721414778
41.753600701 -87.562204619
41.780238695 -87.683668132
41.947411079 -87.834081037
41.74634568 -87.653627921
41.692335848 -87.644142651
41.780312889 -87.686116533
41.799639692 -87.742948
41.731430954 -87.552669707
41.781294083 -87.644829807
41.726610407 -87.632460427
41.910699488 -87.662886582
41.948312144 -87.645777826
41.880962202 -87.706987819
41.780463647 -87.693433155
41.902986978 -87.69001821
41.851761264 -87.705602716
41.886302173 -87.725826743
41.964759616 -87.654782347
41.684114564 -87.625303429
41.975585313 -87.668351682
41.908782633 -87.721623963
41.918334244 -87.726595918
41.817593409 -87.598008766
41.877585867 -87.683123746
41.854844775 -87.681764745
41.7875047 -87.699725045
41.779219485 -87.68639517
41.950038498 -87.659239536
41.829389915 -87.606892634
41.862842099 -87.702010464
41.88033698 -87.629365643
41.782618691 -87.702504711
41.904990188 -87.719070334
41.750775808 -87.63455036
41.877583601 -87.683208224
41.883475491 -87.627876969
41.760201543 -87.564782892
41.934422689 -87.736888404
41.751928332 -87.644077264
41.933355462 -87.790603333
41.912635411 -87.690946367
41.860229103 -87.71402184
41.883500187 -87.627876698
41.870061375 -87.704355292
41.75193595 -87.550992039
41.881623795 -87.626200793
41.886338639 -87.712124479
41.781537835 -87.730171451
41.841622651 -87.617191438
41.735362809 -87.604791301
41.873991303 -87.751226984
41.983685115 -87.713775782
41.961799968 -87.653155524
41.769934371 -87.662741415
41.747058366 -87.605117148
41.871025414 -87.699510379
41.946749547 -87.77055522
41.909707759 -87.739458739
41.878890725 -87.723899363
41.881942452 -87.734354498
41.927998524 -87.673208159
41.714597113 -87.571856932
41.893361663 -87.648512433
41.893004965 -87.628117361
41.853202065 -87.729674813
41.922786529 -87.645045119
41.800439665 -87.693986299
41.881487914 -87.627755618
41.927929456 -87.805172302
41.815700418 -87.616768627
41.736422223 -87.588119633
41.714873035 -87.620427909
41.895896023 -87.677913394
41.939773087 -87.721088955
41.905778334 -87.726398891
41.876360139 -87.705989943
41.77295831 -87.572813053
41.994590446 -87.65734596
41.997189686 -87.796090877
41.903201751 -87.627542313
41.931332379 -87.761642824
41.881088655 -87.720764494
41.937588069 -87.80673184
41.826196356 -87.671503241
41.753326207 -87.646539749
41.951513634 -87.64836454
41.673932819 -87.61905335
41.937458134 -87.722338676
41.725836911 -87.595696756
41.843409877 -87.634233283
41.964597367 -87.763764964
41.949613504 -87.672518331
41.758273773 -87.554811094
41.729961742 -87.656815744
41.891412551 -87.647934597
41.763506117 -87.636274287
41.909117907 -87.713016823
41.868180939 -87.709271389
41.897887668 -87.628232605
41.87766908 -87.629284766
41.756442093 -87.667235947
41.757059111 -87.642985153
41.880861696 -87.621887098
41.882470918 -87.627847625
41.989139311 -87.692057391
41.968359544 -87.717494829
41.747646188 -87.603472462
41.877161446 -87.676536946
42.005437753 -87.666650121
41.882123956 -87.706153898
41.865089368 -87.733707829
41.761490864 -87.587188215
41.966430564 -87.651032417
41.761594477 -87.642368417
41.88922516 -87.630193562
41.766179565 -87.662637559
41.929028876 -87.674384528
41.863370754 -87.659809248
41.80533715 -87.589008745
41.962398697 -87.646324994
41.812634337 -87.63944679
41.677396914 -87.626273896
41.876645737 -87.635171022
41.918770884 -87.639433518
41.894948428 -87.623750896
41.786812277 -87.732773087
41.683836017 -87.645412176
41.896724578 -87.669754439
41.831203853 -87.612552184
41.767541748 -87.688213376
41.664667406 -87.555149265
41.746765368 -87.602624951
41.815076208 -87.685887715
41.769295727 -87.581309548
41.942682941 -87.651160689
41.907758382 -87.673908994
41.807526491 -87.61873404
41.895817979 -87.619263899
41.943713364 -87.719981618
41.884455018 -87.725774467
41.872430407 -87.715615062
41.903769788 -87.63969883
41.886869524 -87.670620311
41.658871865 -87.559288387
41.881858277 -87.724091496
41.914484227 -87.724031146
41.675165651 -87.640676424
41.790707994 -87.604942346
41.707160552 -87.623823775
41.874343989 -87.726582558
41.728744634 -87.599788539
41.846801978 -87.623527134
41.692363894 -87.64150249
41.782175255 -87.609163728
41.777608036 -87.738600304
41.719506128 -87.620537873
41.776429106 -87.686008936
41.792793752 -87.699870982
41.796157777 -87.64356322
41.926448712 -87.768510447
41.870826611 -87.718468623
41.919031238 -87.677665683
42.015883134 -87.691380315
41.962903733 -87.777104951
41.784010678 -87.699627448
41.881889541 -87.738959929
41.895422269 -87.735951185
41.761135248 -87.630900966
41.967437975 -87.708443315
41.760275482 -87.566402046
41.716019353 -87.642765227
41.741787608 -87.690871277
41.974603823 -87.660973766
41.765552461 -87.576287484
41.77721972 -87.649577139
41.773109884 -87.586294711
41.80235749 -87.597625511
41.774255638 -87.740944554
41.800775583 -87.707142166
42.022062685 -87.67484904
41.954779893 -87.705600145
41.691779463 -87.682874779
41.756640447 -87.663590843
41.936952143 -87.648248411
41.757770586 -87.606608702
41.692605563 -87.621310927
41.913178041 -87.754273173
41.877469064 -87.648395724
41.909270561 -87.64722927
41.925183913 -87.725571931
41.871862148 -87.762235479
41.969336143 -87.762012845
41.907794034 -87.673427375
41.851921243 -87.693811567
41.879690601 -87.731430526
41.889934493 -87.637619229
41.793386662 -87.634131727
41.85102174 -87.618954852
41.668869967 -87.627567708
41.895619619 -87.756844961
41.814719164 -87.70913768
41.88893074 -87.756614969
41.866013281 -87.686023855
41.917656022 -87.688750258
41.707058659 -87.631812202
41.884845855 -87.624472307
41.7264982 -87.629816725
41.789249748 -87.621855909
41.90028343 -87.687977308
41.879336984 -87.758283895
41.894544296 -87.622745318
41.950872221 -87.738076873
41.95885623 -87.653289775
41.786070334 -87.632770209
41.883500187 -87.627876698
41.975729638 -87.710219444
41.799490416 -87.617719417
41.685355291 -87.619582342
41.913357363 -87.642302764
41.929494816 -87.683916158
41.813218898 -87.666321536
41.850008155 -87.636216847
41.915187259 -87.775425225
41.824675709 -87.617013434
41.800464977 -87.723370404
41.701068834 -87.622158674
41.936884881 -87.66476981
41.806849873 -87.743131225
41.736991249 -87.580268606
41.685226244 -87.630705836
41.895964779 -87.734734038
41.720422548 -87.538912969
41.897159521 -87.657750025
41.736491541 -87.615385513
41.864298297 -87.728336926
41.699930742 -87.619190495
41.927880591 -87.648848932
41.870013763 -87.726102154
41.776105184 -87.57934927
41.747299263 -87.561308941
41.765816193 -87.60476944
41.770167887 -87.681379646
41.732791348 -87.579262526
41.947731933 -87.660399711
41.764282727 -87.581016205
41.882394062 -87.627844798
41.757221911 -87.645420683
41.908226034 -87.674106235
41.772026655 -87.621866642
41.949729511 -87.643259182
41.907153315 -87.639680572
41.892265388 -87.745864088
41.772392903 -87.650104977
41.908849952 -87.646645976
41.754691074 -87.557038686
41.844045612 -87.631829836
41.883918427 -87.684374231
41.9977367 -87.68957615
41.768043233 -87.618538224
41.876984031 -87.733912437
41.757165184 -87.567073135
41.883725628 -87.689612881
41.67140441 -87.651441139
41.885182294 -87.642757034
41.885731702 -87.763915133
41.743535514 -87.570976452
41.88363012 -87.73434608
41.808332454 -87.691076137
41.886676678 -87.738125977
41.876748723 -87.747878888
41.758539527 -87.585734355
41.95909279 -87.730503729
41.897023011 -87.770338208
41.898869629 -87.684476322
41.821168369 -87.615229174
41.692833841 -87.60431945
41.933661331 -87.661165067
41.807102698 -87.739471984
41.789705338 -87.668120125
41.960819799 -87.739098346
41.880117166 -87.669882225
41.749722354 -87.646442572
41.86379175 -87.72388124
41.671903369 -87.641710641
41.807101267 -87.586402447
41.892450642 -87.719888327
41.890030224 -87.630357348
41.903282236 -87.671471823
41.762470972 -87.580099035
41.741052392 -87.634043876
41.697244989 -87.712427984
41.760606622 -87.651571506
41.952685022 -87.653840644
42.019806079 -87.664726236
41.985188228 -87.777988711
41.909415629 -87.762481332
41.793924612 -87.673580917
41.810029783 -87.684482303
41.751821289 -87.559590955
41.88031156 -87.699936386
41.794501214 -87.585393597
41.910250173 -87.693806472
41.788987036 -87.74147999
41.707095328 -87.628834415
41.896568854 -87.636063322
41.871851193 -87.729514059
41.872899082 -87.694439635
41.746784577 -87.602624733
41.872005323 -87.744933466
41.719292437 -87.628605976
41.680460437 -87.654171614
41.886914413 -87.61685843
41.917129411 -87.63528842
41.789624447 -87.6547587
41.792162065 -87.668696123
41.891990384 -87.611461502
41.692569761 -87.624397882
41.777558327 -87.615558249
41.782324743 -87.68860786
41.936779323 -87.764335989
41.770719754 -87.58378935
41.883475491 -87.627876969
41.934847455 -87.722165132
41.680418426 -87.662437948
41.744369317 -87.665719117
41.932084664 -87.644706283
41.76320717 -87.656034111
41.713305705 -87.63693415
41.905867715 -87.756517666
41.743712371 -87.620764889
41.755381522 -87.564627832
41.937718623 -87.640613767
41.690462093 -87.605949869
41.803143229 -87.608120778
41.80860717 -87.633350017
41.76340634 -87.563472747
41.736166377 -87.569634698
41.7467429 -87.661440066
41.987378858 -87.716333137
41.749757156 -87.665850192
41.876448556 -87.630737539
41.777103108 -87.660503676
42.012015969 -87.702156485
41.792982898 -87.617146396
41.900623783 -87.658393064
41.910704365 -87.632452419
41.778588251 -87.66907461
41.798977284 -87.670796839
41.747972171 -87.641525083
41.882389156 -87.624374606
41.880369243 -87.710988864
41.759333204 -87.633306659
41.923547234 -87.653892679
41.684114564 -87.625303429
41.937678194 -87.6844212
41.644609763 -87.613380728
41.965249777 -87.668201786
41.831869307 -87.685072708
41.806428557 -87.653976203
42.022062685 -87.67484904
41.965191388 -87.715712591
41.820982288 -87.601400234
41.861989508 -87.709199438
41.783174011 -87.61569728
41.747669172 -87.662155985
41.73088212 -87.582739603
41.677588501 -87.658133244
41.920776406 -87.679080842
41.870735611 -87.724050264
41.799742051 -87.619348653
41.725961123 -87.587306396
41.909636288 -87.745300725
41.881770084 -87.635309866
41.742453478 -87.665665679
41.90352381 -87.66674162
41.838215324 -87.633387079
41.783453178 -87.702045543
41.74276404 -87.685885484
41.733343077 -87.545736801
41.759222548 -87.634513709
41.748781301 -87.612437852
41.866438916 -87.70234588
41.80171934 -87.630703621
41.88534469 -87.710000447
41.899989717 -87.625105604
41.75097171 -87.682871235
41.927837574 -87.647618325
41.900964384 -87.770468886
41.892669773 -87.753073795
41.775981658 -87.653674373
41.89866338 -87.746628239
41.763926082 -87.680673091
41.756505504 -87.557511599
41.763637571 -87.595791777
41.900039997 -87.72378279
41.863567228 -87.624068617
41.924823832 -87.775749165
41.93991842 -87.653288878
41.697120342 -87.619598738
41.786651593 -87.620637942
41.792830907 -87.594874128
41.872628006 -87.718686345
41.96274023 -87.655770781
41.818024121 -87.609218554
41.752136604 -87.666345941
41.77906598 -87.696743074
41.780667753 -87.711612875
41.798962813 -87.771035964
41.744376636 -87.6547883
41.967699921 -87.659656418
41.687801737 -87.642236002
41.708606607 -87.6101438
41.751717281 -87.567002336
41.877361575 -87.70194469
41.759257249 -87.623165907
41.873219626 -87.675868666
41.79198564 -87.643882981
41.750817051 -87.632310775
41.946762987 -87.686133952
41.904976105 -87.728827339
41.651852341 -87.545628905
41.79162912 -87.653593442
41.941776585 -87.651493806
41.756264128 -87.585676468
41.9028187 -87.70824361
41.820528474 -87.68724157
41.886511115 -87.618196037
41.774497604 -87.592939826
41.855146289 -87.620711247
41.800202389 -87.690317463
41.750141112 -87.633073052
41.790533545 -87.619117155
41.996452554 -87.712011227
41.766161865 -87.562692028
41.772814187 -87.693234244
41.87862256 -87.72559838
41.753140326 -87.557006065
41.873935958 -87.755483038
41.89210295 -87.755495617
41.809318661 -87.620526134
41.688280291 -87.641041003
41.72852756 -87.662150113
41.843014625 -87.625260849
41.90982859 -87.677447594
41.758547864 -87.555976962
41.979314296 -87.767598496
41.874959277 -87.680161526
41.865713975 -87.7251516
41.707112161 -87.627552452
41.956828595 -87.645973056
41.888438092 -87.624476665
41.883219258 -87.626818503
41.893285756 -87.656538409
41.900993132 -87.627621735
41.782397506 -87.687393515
41.942266661 -87.763559423
41.993469089 -87.802695844
41.707160552 -87.623823775
41.759874722 -87.563925466
41.91320867 -87.75164599
41.87671722 -87.750317319
41.875626261 -87.629105237
41.986710448 -87.777820996
41.918578314 -87.636183854
41.76460796 -87.68867896
41.717381967 -87.615239286
41.915019425 -87.633988741
41.908345574 -87.668660568
41.895858802 -87.722426811
41.887979548 -87.773465835
41.932027273 -87.70805773
41.910764867 -87.658120918
41.900920073 -87.753292969
41.766246905 -87.624932618
41.77526924 -87.648314721
41.909636288 -87.745300725
41.760080391 -87.558186925
41.911203919 -87.694568465
41.884965896 -87.627923004
41.870825474 -87.716720969
41.934406847 -87.687298972
41.876645737 -87.635171022
41.747131364 -87.607545884
41.874345413 -87.726332865
41.909440599 -87.760331948
41.970514812 -87.83665128
41.82693369 -87.623999811
41.882142354 -87.772304964
41.887739656 -87.763746728
41.877565688 -87.684893829
41.976762981 -87.900983721
42.016950678 -87.681650817
41.754839516 -87.669623734
41.950175052 -87.715710526
41.899059766 -87.721617589
41.876044636 -87.736381363
41.984622486 -87.836582104
41.986107062 -87.658094107
41.750366286 -87.66300375
41.971154619 -87.706108665
41.745641684 -87.55763874
41.892816145 -87.624193198
41.663269589 -87.634439644
41.791908395 -87.651170238
41.909614875 -87.747016581
41.894233125 -87.708959073
41.79006908 -87.654768679
41.889561428 -87.620196651
41.733316688 -87.649632631
41.652347172 -87.610056254
41.949555731 -87.648609742
41.793731105 -87.624065316
41.878772025 -87.733671734
41.799875696 -87.603928993
41.754818989 -87.558506782
41.757614433 -87.586115266
41.742479705 -87.547863998
41.675087687 -87.634597319
41.888884346 -87.712456058
41.810693516 -87.683929054
41.867414944 -87.627231186
41.831063762 -87.621330678
41.793442946 -87.619191203
41.923830895 -87.699164392
41.955444784 -87.652759876
41.891678767 -87.627551654
41.882196169 -87.725711406
41.752399933 -87.648136482
41.763166719 -87.606742081
41.829682911 -87.667933881
41.96055619 -87.71312483
41.739265865 -87.604893749
41.947992682 -87.660407997
41.886044188 -87.725821842
41.909636288 -87.745300725
41.875254627 -87.726496837
41.764682386 -87.663785792
41.815568993 -87.623002699
41.871371147 -87.627514417
41.939505116 -87.683807247
41.978108446 -87.904122758
41.867697344 -87.697156855
41.751214876 -87.571098146
41.909622506 -87.666443051
41.892858171 -87.64097384
41.976464206 -87.751898181
41.923672617 -87.786301606
41.873520236 -87.696093065
41.885879253 -87.630979425
41.901472709 -87.723824263
41.80171934 -87.630703621
41.763862909 -87.676810341
41.769005882 -87.634048296
41.720231607 -87.635903341
41.861161519 -87.687012569
41.710679165 -87.634636858
41.883516261 -87.636803841
41.876748835 -87.747900918
41.756640447 -87.663590843
41.985902025 -87.690739993
41.941921232 -87.749425976
41.865136492 -87.694601364
41.743419856 -87.704651072
41.958395885 -87.683736774
41.881203182 -87.647342333
41.802111489 -87.606401292
41.780242159 -87.699517898
41.799037642 -87.662284046
41.679132589 -87.632302272
41.931265705 -87.767016315
41.8857368 -87.632817191
41.703857851 -87.538911835
41.928620632 -87.642285052
41.773018105 -87.612742081
41.930076795 -87.718855435
41.736161813 -87.585631211
41.94044868 -87.651081589
41.800763793 -87.70800049
41.975138369 -87.764972906
41.946221444 -87.708253555
41.809926774 -87.667441441
41.800111681 -87.620980261
41.74317925 -87.600148257
41.752719419 -87.566250124
41.966224534 -87.759326992
41.705951875 -87.648970469
41.764686314 -87.684074304
41.891023035 -87.619141016
41.876919736 -87.69007408
41.7790899 -87.615599831
41.991838654 -87.68262435
41.901788359 -87.723835955
41.765965607 -87.589966186
41.922661724 -87.649878465
41.774115208 -87.61308174
41.912733991 -87.662123151
41.848962185 -87.713701098
41.843823254 -87.722096308
41.750991368 -87.622271215
41.901325561 -87.752077105
41.995325694 -87.684902737
41.706270197 -87.622742236
41.712588878 -87.601946362
41.988828094 -87.704754451
41.737263008 -87.560850253
41.889983998 -87.657862366
41.892757104 -87.712572811
41.980442145 -87.762053336
41.994758989 -87.7144777
41.778883826 -87.664206366
41.882490951 -87.656714768
41.987870213 -87.66019784
41.789280246 -87.620135797
41.885309786 -87.667599365
41.891694878 -87.626155832
41.762314472 -87.597877858
41.937978831 -87.720661393
41.760020884 -87.697796337
41.894664669 -87.712631471
41.706179138 -87.629349797
41.921593222 -87.71812478
41.880362084 -87.755847438
41.917396919 -87.707392238
41.806308386 -87.656398268
41.808028819 -87.684414463
41.868225857 -87.770543221
41.934067729 -87.645912462
41.874232051 -87.73506171
41.79653075 -87.594960011
41.877759656 -87.629287444
41.759646094 -87.650643378
41.756650207 -87.561475423
41.887222817 -87.624545187
41.80867432 -87.741966391
41.716019353 -87.642765227
41.814661612 -87.627612832
41.749222926 -87.564979821
41.893646656 -87.631177143
41.839410287 -87.646313633
41.882429735 -87.627844406
41.68434773 -87.628859301
41.895922987 -87.676388824
41.779012821 -87.664208692
41.78018541 -87.703170178
41.895996468 -87.625487641
41.992867472 -87.69825882
41.888131743 -87.629548167
41.728737429 -87.586739412
41.8020092 -87.622063199
41.701624878 -87.629117507
41.948759735 -87.755373891
41.707855985 -87.652590571
41.90107719 -87.754518428
41.883191631 -87.706183852
41.940985804 -87.650495121
41.792444765 -87.62240731
41.78024763 -87.615102958
41.821757158 -87.700913682
41.72904484 -87.586746843
41.898255603 -87.632750178
41.93691476 -87.644294138
41.881004767 -87.703230798
41.880781519 -87.626680112
41.895422172 -87.720311667
41.751823512 -87.651345619
41.877805859 -87.624307765
41.815935193 -87.618332425
41.744872404 -87.664926065
41.689221958 -87.705614727
41.784951353 -87.732717121
41.790385341 -87.619115133
41.946728607 -87.772444826
41.884493832 -87.627021129
41.893574529 -87.629705116
41.847313213 -87.702669655
41.90690686 -87.746049479
41.859271065 -87.65891252
41.679811088 -87.625691047
41.91000536 -87.715759913
41.869695814 -87.774278932
41.884650262 -87.627915459
41.915860456 -87.728963454
41.98818957 -87.80276544
41.997265486 -87.767321808
41.803754843 -87.583697861
41.77597876 -87.725131259
41.744274498 -87.725782336
41.782951712 -87.604362828
41.895664029 -87.694697628
41.733336739 -87.658128578
41.751270235 -87.605883115
41.880779076 -87.721377025
41.92478162 -87.668809691
41.784512411 -87.649763658
41.909254953 -87.677431424
41.939532212 -87.64925361
42.006514425 -87.676333974
41.988807844 -87.794693703
41.656937576 -87.605134262
41.778680696 -87.664197479
41.739642809 -87.722810456
41.789705338 -87.668120125
41.997366815 -87.660487724
41.960959227 -87.726927058
41.86641507 -87.705004143
41.783309315 -87.650040429
41.896377363 -87.712684675
41.678427129 -87.680739677
41.712048619 -87.610244395
41.744434531 -87.695557246
41.885481891 -87.627935689
41.911669895 -87.631931184
41.716679404 -87.62274113
41.736293226 -87.58811746
41.840545757 -87.72607624
41.749422368 -87.68405223
41.781682705 -87.607215045
41.936799488 -87.644291704
41.890427259 -87.76339231
41.795061737 -87.660972314
41.95999958 -87.716777492
41.723043634 -87.662016704
41.779295906 -87.644774188
41.954462493 -87.715382377
41.73578156 -87.663694017
41.930049492 -87.685920733
41.686521024 -87.61683831
41.994696895 -87.682411301
41.879290605 -87.692499558
41.881703396 -87.626203588
41.923141042 -87.651108001
41.848474762 -87.724676285
41.699089942 -87.625677467
41.758054116 -87.635974108
41.725288647 -87.593655268
41.893454941 -87.617020399
41.980195892 -87.837808133
41.774019572 -87.607044863
41.673566097 -87.632143057
41.821369569 -87.613176107
41.785386593 -87.634504658
41.940785143 -87.754306481
41.767448959 -87.585957168
41.777251275 -87.691679641
41.887288799 -87.756985971
41.87528833 -87.724051086
41.805622755 -87.709805501
41.882407184 -87.686468002
41.784185109 -87.764411187
41.741839776 -87.56729934
41.680944047 -87.537118099
41.677552322 -87.623881857
41.935522153 -87.717983581
41.746540926 -87.613587907
41.753998485 -87.601626694
41.76603978 -87.713993793
41.92469866 -87.668700313
41.893349463 -87.623456403
41.844000177 -87.628442902
41.767789112 -87.669966813
41.90619742 -87.733036773
41.858690194 -87.737482535
41.851949553 -87.618995915
41.768245229 -87.688869821
41.987970501 -87.655323058
41.878630716 -87.636673298
41.781573858 -87.711703117
41.896819218 -87.747159347
41.787934877 -87.711656336
41.96113853 -87.712214704
41.809519024 -87.607384952
41.926829501 -87.759522259
41.765755571 -87.576292427
41.870028132 -87.708823855
41.883475491 -87.627876969
41.845623723 -87.624703584
41.855524939 -87.6978538
41.861335178 -87.625690175
41.701072516 -87.619653906
41.791417294 -87.674226356
41.921285301 -87.756066502
41.883173608 -87.741570031
41.833679765 -87.612645497
41.908351299 -87.735073875
41.907498129 -87.666384342
41.881556538 -87.627758535
41.922986987 -87.687583215
41.758261409 -87.593218111
41.925160357 -87.667394686
41.856734453 -87.677230536
41.856266873 -87.685747733
41.794458926 -87.701754195
41.987358571 -87.662332936
41.702631618 -87.624583988
41.878634816 -87.683237961
41.964091611 -87.72301821
41.720917065 -87.553009432
41.912816129 -87.782793822
41.94377393 -87.705296433
41.739423682 -87.663766102
41.875408907 -87.764686061
41.969135981 -87.71338359
41.754650898 -87.573608277
41.731144695 -87.66292886
41.783446273 -87.641286877
41.957887254 -87.72773929
41.775702827 -87.674112317
41.720665843 -87.567884204
41.87190846 -87.701891882
41.779553127 -87.612005315
41.861789597 -87.706756466
41.971141985 -87.679257016
41.685068588 -87.643184156
41.798159128 -87.606306599
41.758506141 -87.68797035
41.768303717 -87.623370395
41.794061805 -87.662676999
41.765108444 -87.584749052
41.866389063 -87.707276938
41.899217409 -87.774065591
41.918711651 -87.76551063
41.902698633 -87.723166088
41.772705624 -87.574025801
41.747145066 -87.673059677
41.782279941 -87.671559063
41.89499875 -87.746419366
41.754739502 -87.56629204
41.88136236 -87.647344302
41.760065748 -87.663661519
42.015317669 -87.706745746
41.904582292 -87.714655027
41.691820466 -87.678015738
41.894465726 -87.624241063
41.899189017 -87.625650736
41.919050268 -87.767396234
41.728835841 -87.604634255
41.717756523 -87.534766525
41.895048138 -87.650610033
41.99827946 -87.670664922
41.791200801 -87.665724773
41.772542303 -87.58384145
41.924465814 -87.7283384
41.85199252 -87.688888738
41.849011755 -87.734426896
41.913467067 -87.798590153
41.985690737 -87.779190781
41.903822498 -87.63661991
41.989630366 -87.814796524
41.813161844 -87.671164237
41.890976131 -87.621752835
42.011948872 -87.694985476
41.889786193 -87.672922294
41.954925191 -87.674235479
41.895140898 -87.624255632
41.84585638 -87.72460935
41.745935334 -87.648762217
41.772555017 -87.738452689
41.77265186 -87.698104249
41.730000959 -87.649532241
41.7696501 -87.655453132
41.770874346 -87.591115577
41.790778727 -87.606144315
41.883324876 -87.728987402
41.882279543 -87.762278595
41.736612645 -87.555567383
41.724735027 -87.610589374
41.863825778 -87.719449822
41.932007264 -87.763812441
41.830697249 -87.614476891
41.731364324 -87.656855982
41.786511773 -87.687007544
41.881269039 -87.647341628
41.923238345 -87.719398749
41.880577917 -87.640555606
41.904044356 -87.757375303
41.893140033 -87.624204307
41.94963773 -87.758075235
41.855039697 -87.666951665
41.797414808 -87.584002797
41.776793273 -87.604322588
41.885393253 -87.663547848
41.90352381 -87.66674162
41.754386686 -87.578489384
41.911343842 -87.63471588
41.80171934 -87.630703621
41.87711227 -87.678979277
41.849832 -87.716739105
41.725734827 -87.577872409
41.780440222 -87.705602174
41.906285054 -87.671580405
41.87622334 -87.721839082
41.874153389 -87.735238688
41.785766649 -87.668010507
41.881988044 -87.644135454
41.859079034 -87.705890901
41.740612952 -87.664405963
41.824823912 -87.617015451
41.882407184 -87.686468002
41.776503198 -87.686008191
41.876795906 -87.745297106
41.910292604 -87.634683257
41.742118315 -87.674159143
41.967393207 -87.736650819
41.93318414 -87.759873246
41.826513965 -87.608201967
41.745638634 -87.740002094
41.689408345 -87.651159512
41.732346663 -87.597446782
41.794440738 -87.730549231
41.866438916 -87.70234588
41.907153315 -87.639680572
41.74559502 -87.69007845
41.931662544 -87.791823102
41.987552857 -87.711454079
41.966556639 -87.667835195
41.89499875 -87.746419366
41.892237019 -87.749448993
42.013000316 -87.683324944
41.876400194 -87.754917401
41.831074684 -87.619994938
41.877614182 -87.751318954
41.880586939 -87.706110174
41.765956027 -87.588063868
41.711145806 -87.562137241
41.877646888 -87.772226782
41.866200165 -87.723168162
41.972208419 -87.694665353
41.7615596 -87.603010591
41.949092979 -87.643736581
41.773622055 -87.694901579
41.965986305 -87.735237262
41.842007212 -87.620779989
41.836310765 -87.718230327
41.886135205 -87.773423179
41.930896787 -87.697587655
41.778321993 -87.586402872
41.919575903 -87.731529842
41.8857505 -87.628329355
41.859367761 -87.661363667
41.945306824 -87.761815738
41.751573305 -87.641625677
41.755239277 -87.673277249
41.759969049 -87.592047608
41.947253486 -87.716411425
41.903890971 -87.632089801
41.811274431 -87.594328524
41.778047465 -87.586387726
41.731188527 -87.603896928
41.824484412 -87.63768252
41.862047074 -87.725043179
41.93041991 -87.761915571
41.654869791 -87.537468593
41.882417856 -87.735532516
41.882360009 -87.668122063
41.953848493 -87.768250212
41.8032982 -87.653195042
42.006356868 -87.684820162
41.711714647 -87.642954141
41.83143706 -87.646123702
42.019371503 -87.671181992
41.976762981 -87.900983721
41.746277593 -87.662119177
41.756370227 -87.583428579
41.690437759 -87.650745895
41.711983052 -87.615105267
41.696320837 -87.660386972
41.815327389 -87.64233042
41.735478834 -87.643601006
41.873928748 -87.756232138
41.77727066 -87.690238624
41.692742497 -87.612899161
41.896442307 -87.655722728
41.80675564 -87.667657675
41.873907046 -87.725430093
41.80807526 -87.666173157
41.998484978 -87.687464283
41.897895128 -87.624096605
41.89193719 -87.628074015
41.893547279 -87.724329346
41.7030247 -87.620694297
41.721224132 -87.662013664
41.819300968 -87.61986515
41.879499198 -87.627002693
41.909983002 -87.635667537
41.94670237 -87.656117076
41.8710754 -87.694663404
41.908338476 -87.768299073
41.743775174 -87.561248558
42.019855557 -87.664740438
41.7895328 -87.655969749
41.965556491 -87.711668044
41.791074686 -87.621854064
41.925193386 -87.6650499
41.735362809 -87.604791301
41.878802616 -87.731126737
41.886931774 -87.628533044
41.805510609 -87.596760511
41.694923539 -87.681257655
41.802594827 -87.656305321
41.719739548 -87.5983452
41.772201212 -87.702980719
41.692638537 -87.619106399
41.931628291 -87.677371311
41.765037074 -87.584746216
41.968359367 -87.717461736
41.773994185 -87.631662521
41.974747625 -87.789104662
41.891412551 -87.647934597
41.951293222 -87.672563476
41.782341144 -87.691045924
41.749999492 -87.622967453
41.97008868 -87.762690091
41.902292615 -87.751748752
41.880932451 -87.760142384
41.786736065 -87.665290751
41.87622334 -87.721839082
41.922373826 -87.750449373
41.757699431 -87.616688526
41.750889374 -87.557725817
41.688967572 -87.622357873
41.768941644 -87.58129902
41.883500187 -87.627876698
41.727013209 -87.598537052
41.969825213 -87.672625713
41.883679248 -87.750290754
41.795084563 -87.665827491
41.99533451 -87.655550234
41.810693516 -87.683929054
41.77587085 -87.609476619
41.761799848 -87.706406993
41.923258751 -87.703406834
41.886017951 -87.624521781
41.705777608 -87.55964156
41.948603346 -87.768057596
41.739336095 -87.702107741
41.730708201 -87.62050197
41.698718016 -87.642580519
41.844244706 -87.694647718
41.897670312 -87.680587633
41.881948328 -87.733902763
41.910127917 -87.634677705
41.874947338 -87.72547164
41.863375231 -87.659636657
41.960850375 -87.68345815
41.743813527 -87.562464648
41.792435635 -87.619165714
41.908016743 -87.648197855
41.786181906 -87.664379822
41.772617279 -87.635838381
41.897024285 -87.736887579
41.745375095 -87.544281577
41.935074488 -87.754865323
41.766103626 -87.64929197
41.786986441 -87.620645234
41.799544997 -87.588742037
41.733987525 -87.620923681
41.733358882 -87.648423157
41.923696844 -87.69281235
41.73887651 -87.650991641
41.694593647 -87.654616117
41.987075961 -87.780204997
41.851247806 -87.677077393
41.90492496 -87.641038178
41.801143507 -87.684916711
41.852161388 -87.632893697
41.86845093 -87.770552262
41.87493626 -87.748170814
41.978265485 -87.70874202
41.965665255 -87.654791122
41.874381838 -87.641536792
41.80687767 -87.748027632
41.891475999 -87.62537228
41.790531723 -87.654111078
41.783344247 -87.647612794
41.880383652 -87.754136039
41.793026056 -87.696223579
41.71286177 -87.537694886
41.778861392 -87.655697099
41.877969824 -87.72619208
41.903289993 -87.670913383
41.897156166 -87.729044342
41.769340154 -87.674826304
41.678892 -87.638326612
41.884422899 -87.64471155
41.744413123 -87.643860835
41.96360574 -87.737090617
41.87683815 -87.634320718
41.942102126 -87.777013781
41.782315665 -87.650927273
41.964798032 -87.65478194
42.000070207 -87.704599672
41.974242458 -87.846496423
41.888896302 -87.719786448
41.775395452 -87.698473117
41.893163281 -87.636067309
41.7533252 -87.584024746
41.996223264 -87.68494145
41.789911562 -87.701740163
41.949641587 -87.658475418
41.968602944 -87.649475856
41.751906995 -87.553191248
41.764698678 -87.590959498
41.90215894 -87.764507548
41.760435295 -87.66491486
41.855816877 -87.677056379
41.74806235 -87.682801662
41.836982572 -87.718642232
41.881730836 -87.626203285
41.879838174 -87.771385066
41.992814423 -87.692171322
41.74438827 -87.647503459
41.909446869 -87.759938798
41.895622105 -87.700508704
41.830426317 -87.672160497
41.76426565 -87.648028576
41.929743818 -87.684273777
42.010226384 -87.672825945
41.999401643 -87.669207455
41.882715299 -87.766593278
41.882784645 -87.707036121
41.710190077 -87.629591704
41.917279408 -87.717122734
41.978108446 -87.904122758
41.976219837 -87.666565119
41.920634332 -87.648595684
41.917110442 -87.730788769
41.919580304 -87.737636585
41.875599598 -87.63147386
41.857857146 -87.710300488
41.769337452 -87.682055224
41.87749995 -87.760253841
41.951472434 -87.675098193
41.953848314 -87.713443534
41.785695236 -87.686256738
42.013963633 -87.662829788
41.748541632 -87.662586647
41.755221806 -87.647798612
41.891037284 -87.618343879
41.889551923 -87.626649565
41.791206724 -87.704716066
41.754823635 -87.551092573
41.966053999 -87.657890403
41.866147972 -87.726784885
41.930814985 -87.70616592
41.841985041 -87.624292335
41.872274452 -87.764581664
41.757614433 -87.586115266
41.896543094 -87.637698101
41.707095328 -87.628834415
41.687126502 -87.623751053
41.890051565 -87.62891376
41.812493812 -87.601760994
41.8112053 -87.748545797
41.943199281 -87.680016854
41.90855286 -87.758414854
41.724468461 -87.657891747
41.883641965 -87.648579514
41.780554403 -87.688559598
41.751113607 -87.726355514
41.798778526 -87.663497006
41.891138669 -87.667145861
41.884530833 -87.738685729
41.872458041 -87.733774815
41.946221444 -87.708253555
41.875820724 -87.647175913
41.8943468 -87.716281749
41.832384884 -87.623286482
41.880180784 -87.694657201
41.774463738 -87.600928542
41.773811253 -87.722636843
41.875290002 -87.72384912
41.896460802 -87.713906987
41.812510863 -87.634921534
41.871731089 -87.71672328
41.72928951 -87.576742709
41.783364045 -87.614488863
41.909738002 -87.660369077
41.909664252 -87.742728815
41.972654431 -87.693940126
41.936539 -87.642956689
41.881909112 -87.70450351
41.77276846 -87.624222987
41.808564082 -87.669073142
41.858346536 -87.721187148
41.705984239 -87.667086851
41.911449351 -87.746738946
41.909797796 -87.733025085
41.90121922 -87.620684061
41.894996644 -87.746544265
41.75702248 -87.558073456
41.888526809 -87.720998262
41.886778688 -87.649049147
41.885223794 -87.669811033
41.7264743 -87.626369797
41.751042105 -87.569876175
41.877528181 -87.649566442
41.783865759 -87.692303016
41.890051565 -87.62891376
41.752689332 -87.723339178
41.954537863 -87.65114825
41.86606099 -87.710532902
41.765558228 -87.622733535
41.764151886 -87.683229302
41.992283369 -87.688976327
41.909649169 -87.744066214
41.7128602 -87.592464611
41.875188681 -87.73169675
41.928148443 -87.650510773
41.890374989 -87.722273395
41.873619376 -87.745017799
41.918048784 -87.65731296
41.691587425 -87.699089171
41.891990384 -87.611461502
41.769384753 -87.684595124
41.889906681 -87.624100509
41.878177032 -87.627986655
41.968763818 -87.688661831
41.761980459 -87.583564852
41.909664252 -87.742728815
41.778092941 -87.722746539
41.701936956 -87.606948436
41.732110965 -87.643501482
41.673139617 -87.620365185
41.886867715 -87.736335704
41.68038878 -87.620585351
41.881568892 -87.626197726
41.751476233 -87.56501525
41.827176864 -87.640460205
41.936740755 -87.649154806
41.987218906 -87.698075879
41.702869018 -87.6054878
41.862040928 -87.705542562
41.731096921 -87.567053306
41.770846701 -87.60697068
41.890988065 -87.621021833
41.851278255 -87.681944089
41.978991238 -87.659941972
41.908279796 -87.660663594
41.854770868 -87.630148953
41.783289931 -87.614486024
41.957996252 -87.665736717
41.791219919 -87.676659608
41.886370204 -87.620691199
41.935074877 -87.7549425
41.85780035 -87.648282614
41.762532622 -87.640023507
41.881885533 -87.721990741
41.785047051 -87.779623911
41.911983247 -87.765603334
41.910107122 -87.763022569
41.988482737 -87.711886427
41.793154665 -87.728650707
41.729965263 -87.649528956
41.909861988 -87.728002397
41.901561043 -87.711635334
41.783298944 -87.594708522
41.931962854 -87.712876373
41.936493478 -87.746796175
41.931582515 -87.742747165
41.751840317 -87.647713656
41.735406341 -87.658194834
41.801219608 -87.622629403
41.962737855 -87.650737224
41.934193404 -87.752653465
41.787400614 -87.623269736
41.922377641 -87.702867998
41.886179786 -87.755280906
41.993999504 -87.813664825
41.998248766 -87.694783959
41.932084664 -87.644706283
41.891432239 -87.742334868
41.771068348 -87.583799955
41.888759058 -87.719780416
41.93121391 -87.676890454
41.905775282 -87.67026686
41.739940912 -87.562404707
42.009772225 -87.697365825
41.759313126 -87.634516391
41.750521808 -87.599100896
41.707359108 -87.610765713
41.973382784 -87.673291338
41.759012808 -87.560215615
41.927998524 -87.673208159
41.842709067 -87.626890005
41.790316377 -87.731654959
41.771361236 -87.668852241
41.951465459 -87.755904553
41.717904498 -87.569861937
42.001580925 -87.657054907
41.751128044 -87.614247622
41.925174426 -87.666508943
41.928483475 -87.695403023
41.91806079 -87.656555935
41.898728332 -87.744306205
41.894327066 -87.712620049
41.695908161 -87.595822806
41.896080921 -87.712672853
41.874180626 -87.66785807
41.879876814 -87.627718261
41.717490417 -87.617666524
41.745195902 -87.601374869
41.856150768 -87.702858141
41.866289097 -87.772928201
41.686261889 -87.642190243
41.900442353 -87.639463021
41.961867922 -87.648430138
41.838063763 -87.644632641
41.996622677 -87.686180824
41.819626642 -87.621490406
41.896664035 -87.629175344
41.91114034 -87.636904049
41.953900467 -87.907472601
41.939937714 -87.652377143
41.892889338 -87.768490348
41.878322871 -87.681460208
41.80843454 -87.619567586
41.86671505 -87.727638616
41.79290166 -87.751396529
41.826923566 -87.617061758
41.808172748 -87.700871244
41.75033427 -87.665045312
41.886832476 -87.627557257
41.797504979 -87.763669942
41.809132517 -87.732428941
41.74890961 -87.601479268
41.967425488 -87.753664495
41.870504551 -87.741260996
41.893223483 -87.63153437
41.938387013 -87.708815229
41.923237855 -87.70560443
41.793459182 -87.632972123
41.882366028 -87.63088203
41.768382919 -87.644495002
41.745357556 -87.573435691
41.77798991 -87.614358237
41.738468901 -87.670433526
41.903628292 -87.725115181
41.97302094 -87.669551456
41.730696604 -87.598619637
41.930450193 -87.712258936
41.730773605 -87.604678299
41.91150298 -87.666559411
41.960049174 -87.69177191
41.789280246 -87.620135797
41.816414234 -87.631485812
41.725803425 -87.662786572
41.962293266 -87.691161109
41.993475466 -87.68236489
41.853930752 -87.623841071
41.924582726 -87.776960224
41.88171846 -87.627760426
41.772701636 -87.693228031
41.691524515 -87.703618876
41.765540661 -87.582434736
41.907825743 -87.643339622
41.852882701 -87.635528609
41.881883933 -87.640060441
41.968728311 -87.741164971
41.893748693 -87.628123871
41.773085006 -87.568335406
41.728076085 -87.636104249
41.775066838 -87.680963425
41.884512384 -87.619812122
41.921289814 -87.694721419
41.756641566 -87.670884267
41.963769905 -87.707104001
41.935848276 -87.766402429
41.881132809 -87.760147938
41.710279369 -87.618713388
41.874264475 -87.657778229
41.890081244 -87.62704405
41.760435295 -87.66491486
41.973261823 -87.778537299
41.877527573 -87.758094488
41.933582379 -87.645517082
41.882381731 -87.629412971
41.866363206 -87.772931225
41.805133705 -87.723502178
41.686415713 -87.655577068
41.883500187 -87.627876698
41.745412462 -87.573438708
41.919371831 -87.636707996
41.892527513 -87.70768653
41.685034399 -87.645721577
41.891412551 -87.647934597
41.852336791 -87.646487314
41.763774476 -87.57011379
41.896888586 -87.628203192
42.010066152 -87.681761569
41.930549567 -87.752208766
41.885369466 -87.63243193
41.935142329 -87.749833288
41.721864455 -87.615841406
41.931028264 -87.717174172
41.875657149 -87.762726768
41.878630716 -87.636673298
41.801124416 -87.685910818
41.823879885 -87.613503857
41.85982778 -87.716448529
41.753538951 -87.663516805
41.786144706 -87.70997227
41.855811206 -87.724871019
41.793889744 -87.648398856
41.847532775 -87.618791808
41.925183913 -87.725571931
41.909636325 -87.745308073
41.892753031 -87.624193896
41.79778879 -87.755111397
41.88065335 -87.731862147
41.783451628 -87.70326286
41.880180784 -87.694657201
41.913528094 -87.675098769
41.814677228 -87.626581855
41.893129194 -87.749506978
41.663020861 -87.626972834
41.831458708 -87.667977868
41.774442603 -87.699362368
41.915259399 -87.733135566
41.832329279 -87.616983146
41.679142614 -87.629900784
41.718748583 -87.664808573
41.972417876 -87.678265776
41.87766908 -87.629284766
41.886145419 -87.686569846
41.755328086 -87.641720966
41.757327195 -87.644213747
41.981904793 -87.765924169
41.792043078 -87.624017919
41.770088172 -87.646962176
41.933606811 -87.77604754
41.99244324 -87.791635605
41.894045637 -87.746788035
41.988664236 -87.781787644
41.751928332 -87.644077264
41.903775756 -87.639324074
41.757202144 -87.652699731
41.893300916 -87.626262992
41.766936651 -87.58947478
41.854342414 -87.717547369
41.728410958 -87.636115282
41.901906863 -87.628052474
41.926287021 -87.785547998
41.861648184 -87.723824504
41.979765943 -87.673317367
41.8829946 -87.656030087
41.781353265 -87.635083754
41.88237942 -87.735529202
41.798858937 -87.668362872
41.866235446 -87.720517147
41.881217483 -87.730589961
41.934156202 -87.740540356
41.872558733 -87.723709844
41.908437216 -87.692505703
41.863477217 -87.719442143
41.841509547 -87.623284698
41.783113653 -87.620548794
41.845498317 -87.633792155
41.745712327 -87.673023055
41.781822096 -87.695905522
41.903890702 -87.632045722
41.934719926 -87.781513944
41.980919411 -87.655110993
41.91341119 -87.761920347
41.876466294 -87.660273952
41.803671998 -87.703846021
41.896010965 -87.624279065
41.778619322 -87.683625816
41.707955461 -87.634417316
41.752777454 -87.593086878
41.789889237 -87.668125558
41.774349728 -87.604577555
41.938995793 -87.650880224
41.77237826 -87.611799766
41.893684728 -87.710558441
41.909878399 -87.773987238
41.877654733 -87.747958745
41.771431667 -87.682111024
41.79340561 -87.5848746
41.967228591 -87.741428903
41.752950248 -87.554061838
41.852161388 -87.632893697
41.755201817 -87.645372621
41.891962962 -87.755489533
41.890891021 -87.672730951
41.92459921 -87.717298504
41.737864093 -87.576949846
41.77655777 -87.695767012
41.939897694 -87.654887948
41.757916791 -87.604129437
41.913600589 -87.761929679
41.880416231 -87.713588264
41.706859194 -87.613756011
41.876488439 -87.624278264
41.938370663 -87.782276366
41.781811321 -87.594674264
41.760625129 -87.649144902
41.777848842 -87.593011267
41.875254899 -87.72654824
41.804449678 -87.694096813
41.949942489 -87.653197046
41.884287939 -87.76109658
41.732943716 -87.608482329
41.903852765 -87.731258743
41.744280025 -87.545467571
41.88946287 -87.624222942
41.805730988 -87.67461884
41.79455383 -87.582521571
41.79710379 -87.661024317
41.881685554 -87.666810746
41.87046297 -87.720260149
41.745647157 -87.550353832
41.883500187 -87.627876698
41.691650073 -87.638723852
41.717365252 -87.568831746
41.946512428 -87.716900113
41.869335009 -87.686720968
41.778093113 -87.59301579
41.982034352 -87.712482437
41.980935875 -87.655110818
41.934524163 -87.650200206
41.946703574 -87.69512951
41.885772579 -87.682265862
41.983659312 -87.709012972
41.688218178 -87.537357913
41.758493859 -87.653946893
42.019399237 -87.675049485
41.888054998 -87.760387213
41.829824529 -87.685019955
41.702510868 -87.63129037
41.952883741 -87.654496585
41.746259974 -87.663332294
41.981749125 -87.663219369
41.899410159 -87.624131266
41.886668685 -87.657350093
41.750614996 -87.591818087
41.801253805 -87.739313272
41.96113863 -87.712233086
41.997423522 -87.707377491
41.883475491 -87.627876969
41.890882746 -87.72228692
41.897854934 -87.720053322
41.869583263 -87.737697134
41.684369838 -87.625311613
41.751226587 -87.563797873
41.843505618 -87.707448688
41.782153772 -87.663050423
41.732382273 -87.602165167
41.944170706 -87.674728537
41.835739166 -87.654741492
41.754924265 -87.667196667
41.882012848 -87.62833005
41.92926824 -87.644563855
41.76196912 -87.564820445
41.896690521 -87.627232016
41.738732607 -87.672860063
41.760681057 -87.647938433
42.005598837 -87.67794389
41.911151209 -87.63598179
41.799494656 -87.731917521
41.8762118 -87.641006667
41.735102296 -87.551379554
41.980300074 -87.690553582
41.851407502 -87.733901697
41.917276847 -87.638784669
41.883777406 -87.733121827
41.804086945 -87.674580664
41.907017234 -87.731328199
41.910021537 -87.631633283
41.975729638 -87.710219444
41.820254025 -87.615587913
41.832278311 -87.611035696
41.714816242 -87.67340165
41.812658773 -87.63713554
41.77557683 -87.799410828
41.96607814 -87.647153241
41.865333633 -87.733712889
41.867542364 -87.695932153
41.854917247 -87.656337419
41.856170731 -87.710540771
41.87686027 -87.743934237
41.904541869 -87.759729217
41.887192632 -87.624545521
41.981906471 -87.713701077
41.874942565 -87.747792561
41.677690578 -87.620501646
41.862393037 -87.715821815
41.724927226 -87.623815165
41.834011289 -87.635219909
41.892684578 -87.717451012
41.85775341 -87.668784595
41.901822321 -87.633071176
41.789606273 -87.653541474
41.870833492 -87.716170158
41.754004304 -87.553693594
41.851011444 -87.727977648
41.765991951 -87.657782626
41.865397377 -87.640660777
41.893239615 -87.673125455
41.673548279 -87.616795523
41.719041877 -87.536494149
41.799520795 -87.723342683
41.733466786 -87.636247457
41.799639692 -87.742948
41.896888586 -87.628203192
41.879701138 -87.769741177
41.793565643 -87.645138548
41.768826503 -87.645245398
41.873785386 -87.697390224
41.755560226 -87.623093051
41.780245963 -87.615275297
41.744740066 -87.608690447
41.879466833 -87.668467867
41.929597339 -87.678773892
41.750832464 -87.605224746
41.720284826 -87.657671825
41.784567316 -87.649766741
41.909740492 -87.737301918
41.994648256 -87.714298517
41.675811541 -87.601854093
41.844063211 -87.705028372
41.725403323 -87.57420937
41.891772249 -87.717731561
41.87328131 -87.71974488
41.953969067 -87.698876739
41.926823527 -87.75997431
41.914349393 -87.692211425
41.892554483 -87.753067492
41.750154295 -87.661008708
41.878638996 -87.627691486
41.703133909 -87.614874175
41.811719648 -87.672341904
41.866451967 -87.701226002
41.770658677 -87.609355595
41.74953147 -87.671906514
41.994588742 -87.657522554
41.880362084 -87.755847438
41.761228354 -87.607903856
41.803433941 -87.643741924
41.651113332 -87.543515663
41.806612623 -87.682448093
41.689402074 -87.668824981
42.000537688 -87.660715529
41.786846316 -87.629073
41.902401987 -87.716949893
41.828762287 -87.614436164
41.759457795 -87.618332963
41.935432921 -87.668504341
41.920974474 -87.714309309
41.724509539 -87.537825938
41.779987641 -87.752063259
41.75245073 -87.644698356
41.862890718 -87.639105588
41.926825904 -87.759900794
41.860063726 -87.73722383
41.881493402 -87.627755557
41.659120594 -87.634063663
41.879271397 -87.76329316
41.853676611 -87.622239838
41.711550001 -87.639311737
41.769670834 -87.588761358
41.755274683 -87.573318719
41.885587487 -87.629491626
41.883198401 -87.739461917
41.862452101 -87.692539235
41.897894893 -87.760743714
41.876663961 -87.64776174
41.855797543 -87.715118088
41.752378998 -87.601571791
41.992283369 -87.688976327
41.877908728 -87.731267321
41.801845606 -87.711136792
41.969105582 -87.707276053
41.914443495 -87.711822623
41.792425533 -87.622403855
41.875486177 -87.75488158
41.873760261 -87.699795456
41.884790858 -87.681908593
41.968017455 -87.74863983
41.733089944 -87.554093114
41.833667467 -87.685190333
41.807067906 -87.603843747
41.997786161 -87.686658323
41.689308696 -87.65938732
41.865573338 -87.705643842
41.844162699 -87.695199039
41.702737032 -87.535974085
41.866517725 -87.695252124
41.821255232 -87.619920499
41.929611364 -87.707372063
41.767566795 -87.669961772
41.925029576 -87.677571198
41.875820724 -87.647175913
41.90690686 -87.746049479
41.838219696 -87.704850674
41.765218761 -87.614046316
41.924142132 -87.699370763
41.945591853 -87.747047289
41.831073285 -87.620211441
41.733965927 -87.663412448
41.815150488 -87.672427685
41.872875065 -87.725403155
41.691014016 -87.667578189
41.884174412 -87.681602707
41.885741029 -87.631711749
41.934401392 -87.73385288
41.858712788 -87.706665364
41.911259175 -87.679519711
41.943363642 -87.641096671
41.897895128 -87.624096605
41.92510186 -87.671992307
41.868180939 -87.709271389
41.890738235 -87.637566435
41.874598871 -87.696119068
41.808986931 -87.612661906
41.817519552 -87.624679664
41.886901317 -87.745509261
41.966832347 -87.766223405
41.86716322 -87.718503727
41.79160048 -87.641441198
41.78505547 -87.721246817
41.920995257 -87.712567424
41.735880431 -87.715126321
41.923310818 -87.710435775
41.942348551 -87.655398613
41.745586727 -87.558848655
41.889582108 -87.626649232
41.735680341 -87.671326871
41.866504528 -87.696335293
41.747661565 -87.602006477
41.894873277 -87.762908357
41.86157927 -87.720157794
41.924690373 -87.639920575
41.961299401 -87.840392262
41.70557452 -87.559640333
41.912322575 -87.638628969
41.96430476 -87.662368986
41.79290166 -87.751396529
41.907298562 -87.692050537
41.765096287 -87.592611729
41.760250992 -87.55784767
41.882181424 -87.680036566
41.759386759 -87.669137056
41.771779785 -87.696232242
41.976851852 -87.654999693
41.835851857 -87.632829373
41.957421993 -87.653455761
41.688091827 -87.639823862
41.943221407 -87.760202344
41.752825684 -87.584437351
41.759443894 -87.62317118
41.896664035 -87.629175344
41.881722193 -87.624356274
41.764816217 -87.640079564
41.917702735 -87.702098331
41.806031188 -87.656393851
41.711714647 -87.642954141
41.793077333 -87.669416424
41.803045442 -87.596634703
41.76573639 -87.66381882
41.736161813 -87.585631211
41.852157466 -87.633150674
41.749953794 -87.637927098
41.899153198 -87.627410584
41.892569818 -87.62208039
41.758159486 -87.565148114
41.945245297 -87.702878
41.872713129 -87.711558815
41.867212547 -87.642686125
41.897837503 -87.624097243
41.755818932 -87.732398749
41.880801426 -87.752634034
41.894285768 -87.718717474
41.890384236 -87.624109917
41.876200229 -87.723686253
41.688610361 -87.609536712
41.781277428 -87.615652432
41.830174487 -87.678019189
41.799517726 -87.591313255
41.752566947 -87.578448404
41.875070002 -87.640974928
41.883475491 -87.627876969
41.882958827 -87.658343985
41.795092268 -87.671904018
41.913270306 -87.632916661
41.736345716 -87.585636406
41.774264317 -87.598492894
41.776421364 -87.682210861
41.784639447 -87.641644377
41.933611858 -87.687935447
41.7675148 -87.591033336
41.884291199 -87.661392684
41.876259696 -87.757540388
41.797700881 -87.617676981
41.801197288 -87.677470976
41.899566286 -87.752034289
41.692345957 -87.621046509
41.885274208 -87.622293521
41.887449563 -87.712032922
41.88171846 -87.627760426
41.771965065 -87.684228195
41.906185569 -87.666243713
41.8926701 -87.628106353
41.944577569 -87.647663198
41.784436581 -87.648550811
41.830493843 -87.666277988
41.899552895 -87.624137033
41.937830994 -87.671765242
41.903775756 -87.639324074
41.750513752 -87.621367643
41.759259791 -87.632068623
41.892501635 -87.706463739
41.973774034 -87.842182629
41.754592961 -87.741528537
41.884109913 -87.658089496
41.760160698 -87.583520062
41.707614448 -87.668996367
42.001832857 -87.663516386
41.891686695 -87.627055746
41.763433017 -87.5753264
41.946588278 -87.711120855
41.891315714 -87.772169608
41.877352817 -87.702848073
41.748341683 -87.622927096
41.857087009 -87.720688922
41.753046407 -87.562621715
41.8806874 -87.631469595
41.886146944 -87.624524028
41.788987036 -87.74147999
41.901073698 -87.63136393
41.738379538 -87.55388261
41.924326989 -87.739595106
41.802413509 -87.592677218
41.979649551 -87.680799226
41.677157862 -87.619566769
41.765444001 -87.626906181
41.759218831 -87.623166331
41.932892608 -87.64033523
41.874896232 -87.751093931
41.871489164 -87.627516791
41.853836827 -87.625519566
41.753087441 -87.563830618
41.784342465 -87.646117177
41.808147803 -87.664961971
41.88360569 -87.707634031
41.913541176 -87.798593209
41.873789876 -87.696714581
41.864425164 -87.718636425
41.89233127 -87.725306843
41.993892087 -87.660388215
41.789164206 -87.601252597
41.958057846 -87.744175612
41.804115983 -87.586477467
41.719137139 -87.549144628
41.809644125 -87.69302545
41.895896023 -87.677913394
41.872274452 -87.764581664
41.893203509 -87.620273669
41.794913512 -87.660966529
41.995286373 -87.660428707
41.736259984 -87.628068782
41.873048982 -87.684465836
41.769065813 -87.610040671
41.780447182 -87.693433319
41.880596729 -87.736790668
41.865300341 -87.722706798
41.915382524 -87.627849014
41.755242422 -87.652650803
41.782670512 -87.765572201
41.83098771 -87.628130693
41.977000188 -87.67529876
41.817070422 -87.643313179
41.899031144 -87.725529798
41.839910376 -87.723212467
41.812669441 -87.704154102
41.80967154 -87.594291927
41.904897757 -87.761757487
41.88171846 -87.627760426
41.755848745 -87.631189508
41.866331725 -87.666379171
41.880350767 -87.756872059
41.873699424 -87.704705156
41.756187611 -87.604086707
41.76410397 -87.691792324
41.946488939 -87.718661096
41.752670751 -87.706125688
41.934195331 -87.734858138
41.772415276 -87.648792333
41.758414395 -87.614723387
41.769209454 -87.734704196
41.759209899 -87.647902775
41.831001351 -87.627224232
41.996569131 -87.692288143
41.793740327 -87.627791042
41.923518301 -87.719407089
41.880427066 -87.750783005
41.802037046 -87.620357445
41.892422018 -87.631510089
41.925098106 -87.672293669
41.654657746 -87.610465855
41.704803037 -87.650066633
41.885958797 -87.653314236
41.913546299 -87.649567908
41.900398219 -87.680611277
41.910469844 -87.751630444
41.854271442 -87.724826883
41.749565305 -87.65977987
41.804878041 -87.668517036
41.904728671 -87.757027516
41.917440649 -87.635476088
41.841826163 -87.734214995
41.886815464 -87.628361716
42.005887804 -87.661005031
41.924952658 -87.683833611
41.752147383 -87.603989513
41.720684543 -87.639550451
41.791036924 -87.591587089
41.936071207 -87.666891606
41.997297917 -87.686210771
41.885577616 -87.65243323
41.743541646 -87.564893659
41.874850606 -87.735272577
41.862972633 -87.704795555
41.726331434 -87.642130954
41.896596292 -87.692587363
41.767251944 -87.57266418
41.921655295 -87.658814496
41.814503227 -87.740911316
41.942935676 -87.649360582
41.958363783 -87.75251497
41.758331064 -87.619404694
41.800439208 -87.587407706
41.757614433 -87.586115266
41.902382522 -87.716902326
41.895889243 -87.758076665
41.92475718 -87.702921739
41.81384549 -87.643245082
41.736604706 -87.608060119
41.910341711 -87.726344642
41.706814253 -87.610094305
41.760981593 -87.652791743
41.846160861 -87.695259926
41.763648942 -87.702793191
41.995305581 -87.660428505
41.774645533 -87.682162834
41.78131246 -87.605950633
41.798303834 -87.709821442
41.899624779 -87.726214733
41.6699856 -87.626014612
41.755822191 -87.611406167
41.885741029 -87.631711749
41.743783744 -87.721734228
41.735119333 -87.64726867
41.715834808 -87.649535913
41.775139834 -87.752876915
41.883475491 -87.627876969
41.957848145 -87.758567589
41.885105137 -87.646823184
41.726219145 -87.567294437
41.826142757 -87.606349642
41.970112264 -87.723508653
41.799385032 -87.603153386
41.696522927 -87.54378418
41.844460987 -87.70902851
41.974861952 -87.890372151
41.893285756 -87.656538409
41.895732399 -87.687784384
41.976065066 -87.756550305
41.870028132 -87.708823855
41.859078793 -87.705846852
41.903775756 -87.639324074
41.906550305 -87.771874573
41.762189551 -87.68806906
42.015496028 -87.664907538
41.781142124 -87.675567181
41.778340981 -87.703122242
41.769539234 -87.656664006
41.8945086 -87.622742041
41.926373285 -87.772156466
41.877330342 -87.705257083
41.813754699 -87.693454053
41.909862514 -87.676661055
41.951687874 -87.766949539
41.914771189 -87.65203851
41.738519296 -87.550220582
41.837657843 -87.632872062
41.769379357 -87.569856736
41.88728285 -87.756894211
41.922419249 -87.784732267
41.88791087 -87.771204147
41.685471186 -87.664395348
41.724735027 -87.610589374
41.994167522 -87.685366967
41.796496524 -87.734281635
41.654363697 -87.603886182
41.745533823 -87.588197495
41.736277427 -87.62510451
41.82584221 -87.607860994
41.817012018 -87.701859148
41.881756669 -87.686445186
41.812003423 -87.750614742
41.817451867 -87.623051594
41.744359655 -87.546675827
41.886017951 -87.624521781
41.72814965 -87.604616365
41.747732317 -87.596329316
41.97583327 -87.697093121
41.886165391 -87.773422916
41.745324922 -87.601380733
41.837871585 -87.623435005
41.815994603 -87.643302717
41.673298955 -87.633339217
41.882457198 -87.627847776
41.812801891 -87.726217315
41.809672892 -87.594075496
41.884790951 -87.624469241
41.90971226 -87.73926766
41.870975935 -87.703986513
41.887371306 -87.720965226
41.849221884 -87.691529819
41.853876773 -87.627104819
41.947503084 -87.784495202
41.831782473 -87.613360282
41.863330777 -87.727523713
41.902720203 -87.720517368
41.937636508 -87.740662492
41.718719318 -87.639501994
41.891121295 -87.703957746
41.800455673 -87.587407515
41.853930752 -87.623841071
41.895047813 -87.711423034
41.8675271 -87.659137818
41.921291092 -87.747457195
41.752309858 -87.602781958
41.936335635 -87.650710119
41.874222994 -87.735957704
41.739669366 -87.604907509
41.935206818 -87.721110578
41.874850606 -87.735272577
41.968482309 -87.705204557
41.968970339 -87.663382735
41.766172478 -87.669924818
41.865191675 -87.660061808
41.777930896 -87.602828539
41.940892158 -87.654138616
41.904504556 -87.758304235
41.868232071 -87.705059779
41.874503992 -87.631816306
41.692833841 -87.60431945
41.783400529 -87.770038983
41.73139325 -87.651997736
41.851256076 -87.676603822
41.788987036 -87.74147999
41.939120022 -87.793289015
41.776759109 -87.782444855
41.885772584 -87.761098022
41.91424467 -87.726469321
42.007857782 -87.668957611
41.760288849 -87.612111145
41.743976399 -87.663279084
41.781811321 -87.594674264
41.834164881 -87.666614156
41.939300984 -87.710357367
41.928492735 -87.653035407
41.813684558 -87.697130384
41.900268599 -87.674731729
41.820731475 -87.697060635
41.744456776 -87.694127928
41.762223341 -87.674679153
41.854259739 -87.721075624
41.947702172 -87.807089728
41.794604856 -87.628250962
41.783502812 -87.593125892
41.909541173 -87.643387277
41.755145188 -87.711001651
41.890520565 -87.757889785
41.884276844 -87.622098929
41.7678792 -87.683327303
41.795205706 -87.668261282
41.938430626 -87.637643663
41.739663786 -87.584403429
41.689785439 -87.636254266
41.991491927 -87.655429149
41.894993403 -87.622148996
41.697647241 -87.594839913
41.873175744 -87.66070869
41.831977734 -87.646132596
41.835686337 -87.620644613
41.854300404 -87.622820226
41.914087331 -87.736240092
41.766824032 -87.657411001
41.941373897 -87.679932571
41.923015312 -87.785425327
41.651498014 -87.548392157
41.751296316 -87.604369286
41.965380394 -87.659074153
41.750933717 -87.626270055
41.972348017 -87.77514364
41.837406187 -87.695669827
41.902085462 -87.641168032
41.809250031 -87.591908881
41.861581495 -87.726259033
41.689650822 -87.621014
41.750486532 -87.624955674
41.743654386 -87.692461298
41.937863279 -87.669276661
41.751702738 -87.663469929
41.760996697 -87.64794607
41.794172544 -87.70357593
41.878772294 -87.73372314
41.92046017 -87.67083136
41.872927989 -87.756410038
41.733388016 -87.667858883
41.759185385 -87.644263506
41.87413151 -87.743210271
41.864958112 -87.625775047
41.957094046 -87.738210155
41.840622816 -87.654084374
41.761428572 -87.653197535
41.709739328 -87.645341171
41.686592823 -87.620882985
41.796792498 -87.670738661
41.765698047 -87.722438871
41.93871321 -87.642631851
41.745586727 -87.558848655
41.975850591 -87.694776067
41.893962515 -87.636176148
41.853923262 -87.634706098
41.725622159 -87.597300063
41.929546679 -87.759600807
41.94360281 -87.650331196
41.751539633 -87.661855469
41.931297803 -87.714735033
41.776281965 -87.604618005
41.926224659 -87.64087409
41.969396535 -87.704276271
41.745068391 -87.584146411
41.723496628 -87.536995908
41.774005421 -87.613079303
41.872189448 -87.713168398
41.903201873 -87.676593393
41.836559146 -87.620223934
41.789657023 -87.648685933
41.950451908 -87.765067272
41.666119868 -87.641516349
